1 1 0 1 0 0 0 3000 3 5 5 0
1 2 0 1 0 0 0 3000 2 10 10 5
1 3 1 1 1 0 0 507 1 5 5 10
1 4 0 1 0 0 0 3000 3 6 6 5
1 5 0 1 0 0 0 3000 2 11 11 6
1 6 0 1 0 0 0 3000 2 12 12 11
1 7 0 1 0 0 0 3000 3 9 9 12
1 8 0 0 0 0 1 607 2 11 11 9
1 9 1 1 1 0 0 644 1 9 9 11
1 10 0 1 0 0 0 3000 3 13 13 9
1 11 0 1 0 0 0 3000 2 11 11 13
1 12 1 1 1 0 0 504 1 13 13 11
1 13 0 0 0 0 1 993 2 10 10 13
1 14 1 1 1 0 0 391 1 13 13 10
1 15 1 1 1 0 0 471 1 10 10 13
1 16 0 0 0 0 1 466 3 9 9 10
1 17 0 0 0 0 1 459 3 6 6 9
1 18 0 0 0 0 1 466 2 5 5 6
1 19 1 1 1 0 0 476 1 6 6 5
1 20 0 0 0 0 1 496 3 9 9 6
1 21 0 0 0 0 1 527 2 12 12 9
1 22 0 0 0 0 1 469 2 8 8 12
1 23 1 1 1 0 0 906 1 12 12 8
1 24 0 0 0 0 1 570 2 6 6 12
1 25 1 1 1 0 0 499 1 12 12 6
2 1 0 1 0 0 0 3000 3 2 2 12
2 2 0 0 0 0 1 381 1 7 7 2
2 3 0 0 0 0 1 330 2 12 12 7
2 4 1 0 0 1 0 3000 1 7 7 12
2 5 0 0 0 0 1 300 3 13 13 7
2 6 0 0 0 0 1 376 3 1 1 13
2 7 0 0 0 0 1 539 3 2 2 1
2 8 0 0 0 0 1 443 2 9 9 2
2 9 1 1 1 0 0 990 1 2 2 9
2 10 1 1 1 0 0 827 1 9 9 2
2 11 0 0 0 0 1 848 3 6 6 9
2 12 0 0 0 0 1 554 3 10 10 6
2 13 0 0 0 0 1 478 3 2 2 10
2 14 1 1 1 0 0 495 1 10 10 2
2 15 1 1 1 0 0 894 1 2 2 10
2 16 0 0 0 0 1 956 3 15 15 2
2 17 1 1 1 0 0 888 1 2 2 15
2 18 0 0 0 0 1 1051 3 8 8 2
2 19 0 0 0 0 1 912 3 9 9 8
2 20 1 1 1 0 0 940 1 8 8 9
2 21 1 1 1 0 0 1169 1 9 9 8
2 22 0 0 0 0 1 1144 2 14 14 9
2 23 1 1 1 0 0 832 1 9 9 14
2 24 0 0 0 0 1 940 3 5 5 9
2 25 0 0 0 0 1 894 2 1 1 5
3 1 0 0 0 0 1 750 2 10 10 1
3 2 0 0 0 0 1 862 2 7 7 10
3 3 1 1 1 0 0 865 1 10 10 7
3 4 1 1 1 0 0 1133 1 7 7 10
3 5 1 1 1 0 0 880 1 10 10 7
3 6 1 1 1 0 0 1005 1 7 7 10
3 7 0 0 0 0 1 824 2 3 3 7
3 8 0 0 0 0 1 900 2 11 11 3
3 9 0 0 0 0 1 852 3 1 1 11
3 10 1 1 1 0 0 833 1 11 11 1
3 11 0 0 0 0 1 791 3 15 15 11
3 12 0 0 0 0 1 476 2 8 8 15
3 13 1 1 1 0 0 820 1 15 15 8
3 14 0 0 0 0 1 913 3 2 2 15
3 15 0 0 0 0 1 905 3 2 2 2
3 16 1 1 1 0 0 918 1 2 2 2
3 17 1 1 1 0 0 800 1 2 2 2
3 18 0 0 0 0 1 925 2 9 9 2
3 19 0 0 0 0 1 535 3 7 7 9
3 20 0 0 0 0 1 891 3 14 14 7
3 21 0 0 0 0 1 1098 2 12 12 14
3 22 1 1 1 0 0 483 1 14 14 12
3 23 0 0 0 0 1 874 3 11 11 14
3 24 0 0 0 0 1 776 3 15 15 11
3 25 0 0 0 0 1 864 2 7 7 15
